Coastline: 28.56303, -80.5678
Train: 28.56352, -80.58694
Highway: 28.49106, -80.57733
City: 28.35708, -80.69651